0.0801126
0.081164
0.057086
0.0227693
0.0229047
0.0224706
0.0219989
0.0206609
0.0176907
0.0206728
0.0242869
0.0346852
0.0420285
0.0458758
0.0472021
0.046671
0.0508947
0.0521187
0.0508683
0.0512985
0.0471298
0.0452675
0.0403767
0.0363563
0.0344192
0.0325501
0.0339519
0.0355507
0.034059
0.0351625
0.0351536
0.0375882
0.0388596
0.0415824
0.0448683
0.0503451
0.0530217
0.0542891
0.0539169
0.0611117
0.07263
0.0864893
0.131276
0.145532
0.149032
0.102486
0.0786076
0.0435072
0.0450784
0.0501567
0.133726
0.123388
0.158189
0.178168
0.185169
0.18277
0.191898
0.184432
0.167924
0.170312
0.168338
0.161925
0.148544
0.129389
0.09007
0.11777
0.0643781
0.0287237
0.0333422
0.0358169
0.0582349
0.065617
0.068769
0.0699666
0.0770278
0.111944
0.129444
0.121313
0.131244
0.130957
0.139948
0.135611
0.119022
0.112378
0.114215
0.11406
0.111465
0.122276
0.119494
0.12788
0.125237
0.145607
0.138272
0.096793
0.0840592
0.0792454
0.0616082
0.0468671
0.034779
0.0244249
0.015507
0.0128436
0.0102042
0.0244397
0.0387929
0.0518161
0.0597976
0.062587
0.0632435
0.0648423
0.0657149
0.0634588
0.0601736
0.055213
0.0482133
0.0438504
0.0387492
0.033713
0.0284562
0.0233103
0.0210093
0.0196833
0.0202436
0.0292038
0.0386252
0.0375633
0.0435598
0.047329
0.0478389
0.0514029
0.0550761
0.0564932
0.0550756
0.0537163
0.0524162
0.0531415
0.0524098
0.049654
0.0442283
0.035259
0.0214967
0.00300758
0.00432764
0.00550756
0.00979542
0.0132925
0.0156606
0.0163088
0.0176913
0.0187784
0.0186278
0.0195559
0.0202663
0.0200819
0.0207772
0.020649
0.0211761
0.0277652
0.0335477
0.0384205
0.0423842
0.0453068
0.0461683
0.0459451
0.044112
0.0436679
0.0426082
0.0411427
0.0390557
0.0357373
0.0327769
0.0338453
0.0308031
0.0273607
0.0304625
0.0338657
0.0380464
0.0438026
0.0496112
0.0551785
0.0605541
0.0761677
0.0953612
0.0917554
0.0979144
0.0820388
0.0743982
0.074209
0.0726113
0.0716766
0.0745742
0.0737989
0.0732746
0.0708158
0.0744236
0.0741315
0.0722085
0.0804486
0.0935988
0.0997242
0.0973268
0.0933354
0.0841939
0.0759172
0.0774215
0.0783018
0.0816388
0.0905836
0.110881
0.0956236
0.128742
0.100038
0.137388
0.103911
0.103725
0.117521
0.0905219
0.0885593
0.0806049
0.0738735
0.0809714
0.0818163
0.0906157
0.184308
0.146337
0.143062
0.130976
0.12565
0.124271
0.121587
0.156543
0.148052
0.136375
0.122439
0.115938
0.114113
0.116878
0.117732
0.114499
0.115786
0.101423
0.0709948
0.0567839
0.0329739
0.0267255
0.027422
0.0292203
0.0307112
0.0312319
0.0304027
0.028448
0.0373925
0.0425373
0.0457793
0.0440641
0.0447837
0.0487517
0.0500482
0.0503924
0.0491935
0.0471763
0.0481481
0.0483671
0.0477359
0.0478068
0.0491623
0.0493852
0.0474178
0.0429691
0.0439487
0.0464019
0.0469435
0.0488111
0.048799
0.0505844
0.0514802
0.0522735
0.053256
0.0548617
0.0788926
0.113926
0.121388
0.138674
0.138166
0.112982
0.1147
0.109574
0.103647
0.080194
0.0770997
0.0561095
0.0383216
0.0397934
0.0406283
0.040544
0.0398281
0.0403265
0.0399925
0.0372623
0.0263746
0.0302178
0.0297796
0.0366588
0.0518165
0.0520295
0.0529692
0.0369886
0.0387412
0.03151
0.0339787
0.0296835
0.0433877
0.0488551
0.0533416
0.0680592
0.0801224
0.0920321
0.100991
0.108931
0.115546
0.126292
0.135195
0.114744
0.0593874
0.0503627
0.040667
0.0318631
0.0277385
0.0227386
0.0155092
0.00127616
0.00415056
0.0308595
0.0789007
0.0822516
0.0567476
0.0348093
0.0298832
0.0210433
0.0192418
0.0165972
0.0157438
0.0206459
0.0280562
0.0329048
0.0422681
0.0519332
0.0568699
0.0658169
0.0692903
0.0856662
0.0863434
0.0991534
0.108958
0.276788
0.415567
0.438054
0.354233
0.31689
0.259435
0.232252
0.213426
0.19972
0.181405
0.160535
0.137243
0.150654
0.130027
0.136615
0.14187
0.142915
0.0784379
0.0804179
0.0864829
0.114301
0.0878323
0.117752
0.141015
0.150856
0.169045
0.231426
0.395845
0.465941
0.454733
0.371491
0.367799
0.363241
0.36902
0.321977
0.282067
0.249141
0.205614
0.209043
0.227162
0.21994
0.18135
0.147211
0.152537
0.125345
0.107108
0.093545
0.0872649
0.075499
0.079665
0.0678404
0.0933398
0.0730132
0.069282
0.0685961
0.0882818
0.0821679
0.0992341
0.0924294
0.0850673
0.0813459
0.0770444
0.0741486
0.0698483
0.0671488
0.0657011
0.0691295
0.0732415
0.0803604
0.0814986
0.106481
0.112092
0.121007
0.117194
0.121534
0.122406
0.115902
0.115697
0.114437
0.112167
0.119132
0.12209
0.1213
0.124069
0.137565
0.148225
0.157359
0.146207
0.135976
0.116906
0.107665
0.0959864
0.0846132
0.0817365
0.0818173
0.0814701
0.0804903
0.0787975
0.0768332
0.0721485
0.0912297
0.107833
0.1104
0.101268
0.080685
0.0691471
0.0594726
0.052047
0.0463225
0.0428851
0.0403833
0.0375691
0.0344535
0.0312955
0.0297403
0.0275833
0.0251445
0.0230106
0.0227229
0.0231481
0.0221022
0.0192961
0.0147821
0.0106875
0.00574398
0
0
0
0
0
0
0.00485163
0.00906897
0.0125747
0.0153633
0.0199683
0.0223402
0.0230694
0.0236706
0.0242062
0.0241634
0.023398
0.0219646
0.0222007
0.0277983
0.0345102
0.0360883
0.062551
0.0821327
0.0921591
0.0971215
0.0989854
0.104908
0.106094
0.108971
0.106918
0.108415
0.108658
0.11187
0.110489
0.0994629
0.0443438
0.0463858
0.0474159
0.0496012
0.0635733
0.0730293
0.0849048
0.261516
0.284586
0.266161
0.280632
0.285658
0.291928
0.290934
0.288782
0.284232
0.291439
0.286643
0.291985
0.295957
0.289451
0.289675
0.285072
0.267116
0.194805
0.0647469
0.043012
0.0227121
0.0242611
0.0256659
0.0262566
0.0275275
0.0364104
0.0400649
0.047801
0.0533098
0.0551234
0.0585702
0.0590177
0.0592025
0.0587282
0.0550716
0.0503188
0.045082
0.0417085
0.0355237
0.0318319
0.0276731
0.02108
0.013697
0.01074
0.0106651
0.012258
0.0129196
0.0142953
0.0144645
0.0151915
0.0148564
0.0148116
0.0137247
0.0137283
0.0134065
0.0178083
0.0215539
0.0265934
0.0294001
0.0343217
0.0426169
0.0480041
0.0545637
0.0597206
0.0637023
0.0655447
0.0663958
0.0645285
0.0641147
0.05785
0.0466241
0.030964
0.0132702
0.0128076
0.0110597
0.00888925
0.00805031
0.00616112
0.00570098
0.0056219
0.00711315
0.00844899
0.009591
0.0128867
0.0161803
0.0189722
0.0216032
0.0239811
0.0270253
0.0296096
0.0319935
0.0332106
0.0333702
0.0331733
0.0318126
0.0276329
0.0204288
0.0178407
0.0122943
0.0117721
0.012016
0.0129883
0.0132575
0.0148808
0.0165652
0.0180825
0.0188598
0.0190824
0.0188724
0.0185748
0.0180453
0.0176061
0.0170603
0.0171104
0.0172669
0.0174077
0.0243752
0.0323568
0.0389807
0.0444175
0.0472536
0.0574361
0.0670456
0.0787393
0.0846051
0.0887031
0.0956673
0.101701
0.102419
0.0958963
