0.0833218
0.0934084
0.0968802
0.107781
0.128472
0.131968
0.141245
0.13146
0.127266
0.105566
0.0929694
0.0886482
0.0779042
0.0687311
0.0640222
0.0547191
0.0462314
0.0301338
0.0264214
0.022474
0.0265955
0.0295559
0.0304808
0.0315503
0.0334033
0.0338867
0.0325635
0.0337752
0.0326286
0.0302956
0.0304432
0.0270603
0.0260248
0.0277537
0.0290141
0.0292926
0.0279178
0.0294501
0.0308212
0.0305306
0.0318694
0.0326764
0.0269049
0.030679
0.0318975
0.0330102
0.0319032
0.0333539
0.0339118
0.0328471
0.0473405
0.0652277
0.0784827
0.0784544
0.0987957
0.0804765
0.0537292
0.0402931
0.0723333
0.0558876
0.0959952
0.133346
0.167589
0.197325
0.224124
0.259576
0.300364
0.33729
0.380835
0.420793
0.371429
0.321796
0.277038
0.246478
0.205752
0.160054
0.110809
0.0565374
0.0921943
0.136826
0.179393
0.260124
0.297879
0.282559
0.353011
0.199187
0.203241
0.31478
0.306341
0.27826
0.167752
0.167824
0.195219
0.192318
0.189462
0.244666
0.303531
0.371383
0.439412
0.422662
0.474944
0.477281
0.45321
0.379092
0.355112
0.296725
0.24282
0.192432
0.14573
0.161151
0.120881
0.128366
0.0787584
0.0782849
0.0740192
0.0763934
0.0943434
0.105699
0.0985996
0.0870846
0.0617866
0.0481104
0.0402532
0.032472
0.0367971
0.0379609
0.0375433
0.0372069
0.0342777
0.0301965
0.0287803
0.0248262
0.020441
0.0188484
0.0158302
0.0146568
0.0174093
0.0245505
0.0271919
0.0301535
0.031911
0.0335703
0.0348841
0.0348511
0.0347978
0.0354468
0.0356297
0.0350284
0.0461041
0.0580146
0.0632314
0.0712649
0.0722329
0.0746673
0.0705156
0.0693293
0.0693215
0.0656232
0.0658574
0.0748924
0.0745415
0.0803273
0.0725197
0.0714034
0.0615461
0.0611873
0.0698742
0.0809816
0.0830224
0.0959457
0.100478
0.103734
0.0966779
0.0987253
0.0887652
0.0778863
0.0880655
0.0918987
0.0859339
0.0889369
0.0862299
0.0765574
0.0688311
0.0507027
0.0264697
0.0270206
0.0227303
0.015048
0.0149271
0.0117581
0.0206883
0.0248193
0.0251234
0.0320449
0.0367896
0.040563
0.0402895
0.0417436
0.0411609
0.0413042
0.0398756
0.0392414
0.0366074
0.0334976
0.0283932
0.0262905
0.0218318
0.0183944
0.0172538
0.0182972
0.0190745
0.0194858
0.0191772
0.0193118
0.0194381
0.0194314
0.0194587
0.0195826
0.0194251
0.0188646
0.018708
0.0179325
0.0177775
0.017985
0.0177442
0.0175882
0.0167779
0.0162679
0.0149694
0.0139407
0.0128194
0.0117454
0.0106462
0.00996176
0.00943329
0.00847649
0.00774193
0.00662556
0.00769976
0.00838061
0.00895495
0.00907961
0.0105168
0.0130608
0.0153699
0.0165962
0.0205614
0.0223598
0.0251118
0.0265461
0.0269523
0.0274302
0.0261808
0.0255735
0.0251385
0.0244694
0.0255757
0.0270968
0.0287306
0.0279448
0.0281088
0.0264064
0.0262879
0.0255117
0.0243539
0.0227893
0.0197204
0.0149372
0.0113109
0.00656288
0.00422368
0.00748378
0.0101282
0.0123527
0.0142242
0.0157131
0.0174932
0.0178008
0.0185917
0.0189929
0.0213319
0.0224081
0.0227054
0.0224572
0.0229338
0.0227264
0.0264286
0.0294113
0.0319889
0.0353522
0.0373231
0.0380868
0.0368805
0.0364761
0.0367003
0.0371882
0.0358668
0.0367373
0.0364876
0.0360416
0.033575
0.0309791
0.026573
0.0206035
0.0134067
0.0142099
0.0145429
0.0148399
0.0149662
0.0150879
0.0150391
0.0148595
0.0147855
0.0145529
0.0144771
0.0156511
0.0162067
0.0167834
0.0165544
0.0172599
0.017435
0.0167911
0.0156482
0.0159236
0.0165679
0.0193733
0.0213877
0.022493
0.0226698
0.0249153
0.0257842
0.0258471
0.0251928
0.0242818
0.0349259
0.0398533
0.0590598
0.073045
0.0783848
0.0751478
