0.0917834
0.0948556
0.0899857
0.0787581
0.113672
0.134031
0.139037
0.138628
0.140857
0.15293
0.131773
0.112954
0.0757293
0.0330131
0.130526
0.195695
0.202269
0.187754
0.191356
0.178988
0.165354
0.152158
0.156626
0.156913
0.16964
0.180327
0.18438
0.177106
0.168324
0.145882
0.128342
0.0936831
0.0444833
0.0451695
0.0483645
0.0469037
0.0424809
0.0312234
0.0326557
0.0332554
0.0322945
0.0295777
0.0298742
0.0318037
0.032805
0.033509
0.0334299
0.0336388
0.0370773
0.0398496
0.0420118
0.0433434
0.0437032
0.0443057
0.045155
0.0450732
0.0448301
0.0453664
0.0448892
0.0431682
0.0631709
0.0644334
0.0591309
0.0527522
0.0453716
0.0648312
0.0593669
0.0777465
0.0704669
0.0644195
0.0776038
0.0964272
0.119914
0.128797
0.13728
0.116451
0.126282
0.137342
0.148612
0.159151
0.161706
0.106599
0.144237
0.0696107
0.0838514
0.0667171
0.0760272
0.0613211
0.0542554
0.0464723
0.0366481
0.0350254
0.041132
0.0502407
0.0583792
0.0653572
0.109071
0.237482
0.312956
0.315071
0.324046
0.283157
0.282189
0.245627
0.210976
0.177244
0.145158
0.150847
0.152603
0.148288
0.132175
0.120508
0.125007
0.173945
0.0908649
0.14439
0.196709
0.495665
0.389178
0.329582
0.317725
0.221178
0.154208
0.131752
0.122242
0.103711
0.0966907
0.0997383
0.0738948
0.0602681
0.0555706
0.0647166
0.0866503
0.193412
0.188812
0.171875
0.143019
0.145777
0.145266
0.134422
0.291898
0.233708
0.24425
0.288086
0.285064
0.268511
0.250698
0.233931
0.218613
0.232906
0.240669
0.242981
0.240676
0.255834
0.26814
0.272214
0.258506
0.222961
0.198856
0.133007
0.0221288
0.0205238
0.0252373
0.030641
0.0435905
0.0508295
0.0579969
0.0497802
0.0414172
0.0403642
0.034187
0.0304032
0.0295651
0.0272069
0.0247773
0.0260064
0.0251332
0.0249461
0.023044
0.0226214
0.021236
0.0198066
0.0177427
0.0157234
0.0127094
0.0131518
0.0132084
0.0127659
0.014506
0.0153539
0.0171433
0.0183473
0.0187147
0.0195752
0.0195249
0.0227097
0.0278617
0.0289597
0.03371
0.0374699
0.0561298
0.0690288
0.0735342
0.0723813
0.0706712
0.0749133
0.075441
0.0748077
0.0718317
0.0732489
0.0743125
0.07484
0.0673134
0.192292
0.204919
0.259522
0.263771
0.251623
0.24746
0.23923
0.233456
0.226526
0.222296
0.234164
0.241394
0.243272
0.244597
0.239945
0.221063
0.218113
0.157982
0.00628854
0.00645492
0.0102115
0.0136076
0.0162505
0.0179686
0.0192799
0.0194331
0.0199965
0.0203142
0.0199001
0.018855
0.0173344
0.0152658
0.0148366
0.0144964
0.0166485
0.019131
0.0212133
0.0225723
0.024567
0.0259579
0.0272322
0.0328071
0.0336722
0.037334
0.0394045
0.0387617
0.0396923
0.0394797
0.0402103
0.0396065
0.037488
0.0363157
0.0328476
0.0305323
0.0260029
0.0204728
0.0165368
0.0114116
0.0153941
0.0172864
0.0226541
0.0271536
0.0287006
0.0325859
0.0360215
0.0384945
0.0401366
0.0407737
0.0413507
0.0412112
0.0396789
0.0381128
0.0349775
0.0303326
0.0282371
0.0232717
0.0194043
0.0209363
0.0198682
0.0187222
0.0186926
0.017003
0.0151359
0.014996
0.01332
0.0125722
0.0263053
0.0403183
0.0473598
0.0616637
0.0663385
0.0756199
0.0818987
0.0850735
0.0867581
0.0888369
0.0888553
0.0885841
0.0844012
0.0804905
0.0718836
0.0558199
0.049771
0.0313162
0.031395
0.0312867
0.0323292
0.0318342
0.0305403
0.0289597
0.0262131
0.0222118
0.0175322
0.0156409
0.0145457
0.0184009
0.0237471
0.022956
0.030861
0.0395411
0.0483607
0.0731598
0.0547315
0.066832
0.0869336
0.110469
0.147751
0.134074
0.106945
0.0976959
0.114608
0.122383
0.125528
0.160359
0.156897
0.174967
0.18156
0.170436
0.174489
0.16778
0.178853
0.167919
0.143533
0.144163
0.139485
0.123032
0.117029
0.11347
0.117522
0.114881
0.119467
0.120216
0.119246
0.119904
0.1156
0.119675
0.123121
0.123617
0.124837
0.126391
0.128362
0.128072
0.124729
0.106028
0.086502
0.0686951
0.0888652
0.0701986
0.0637731
0.0732763
0.0776942
0.0797935
0.0803775
0.0747294
0.0753529
0.0646192
0.0553623
0.0456853
0.0389003
0.0337379
0.0352783
0.0370129
0.0354936
0.0371034
0.0367181
0.0349407
0.0365182
0.0375903
0.0344251
0.0350826
0.0316974
0.0291325
0.0337887
0.0373308
0.0411082
0.0423644
0.0443423
0.0433614
0.0434288
0.0415996
0.040431
0.0368132
0.0325286
0.0267445
0.0266288
0.0260053
0.0259362
0.025131
0.02553
0.0246931
0.0264791
0.0281988
0.0318095
0.0350797
0.0348096
0.034507
0.0355303
0.0346757
0.0360018
0.0364713
0.0365212
0.0350171
0.0356192
0.0357252
0.035223
0.0412863
0.060105
0.0751864
0.0784445
0.0723308
0.0830294
0.0879287
0.0898587
0.0906295
0.0907969
0.0913263
0.0941076
0.0896559
0.0929532
