0.0980947
0.10012
0.0981119
0.0755173
0.0740994
0.0682369
0.0587052
0.0575721
0.0544117
0.0515649
0.0522299
0.0453847
0.0404351
0.0340917
0.0302621
0.0277578
0.0277384
0.0278641
0.0304194
0.0353942
0.0403056
0.0486812
0.0541592
0.0600327
0.0603663
0.056545
0.0601133
0.068524
0.0936394
0.119705
0.150631
0.161962
0.183009
0.189191
0.204421
0.178782
0.0994368
0.0949873
0.100302
0.101008
0.110079
0.105908
0.102814
0.0876562
0.069738
0.0600541
0.0656555
0.0623996
0.0844268
0.107441
0.144183
0.170308
0.216954
0.216794
0.226506
0.191766
0.161176
0.119125
0.0836453
0.0470068
0.0767326
0.156825
0.314568
0.382985
0.252804
0.356311
0.324878
0.28182
0.227289
0.17652
0.134072
0.106172
0.123438
0.116605
0.175924
0.242635
0.383842
0.401157
0.356694
0.255687
0.203746
0.200209
0.22657
0.204174
0.183686
0.186601
0.168479
0.190168
0.246611
0.274136
0.256193
0.293088
0.260329
0.245312
0.169142
0.0563096
0.000885211
0.00199111
0.0151961
0.031987
0.0461576
0.0836273
0.0872464
0.0809949
0.0632309
0.047903
0.0506687
0.0513913
0.0500131
0.0507595
0.0447223
0.0404351
0.0342679
0.0364464
0.0450034
0.0538
0.0669611
0.0882594
0.0997583
0.106659
0.101517
0.0847917
0.0830742
0.0745706
0.074338
0.0715744
0.0726963
0.0591267
0.0431817
0.0235624
0
0.0289155
0.0528311
0.0757702
0.0830208
0.0851433
0.0941243
0.100657
0.110257
0.106881
0.124243
0.124295
0.128183
0.134747
0.114578
0.118273
0.0979357
0.0938456
0.0814531
0.0637658
0.0529459
0.0593555
0.065215
0.0744398
0.0731271
0.0743329
0.0802152
0.0814279
0.0798351
0.075429
0.0702278
0.0627694
0.0583355
0.0521193
0.0542888
0.0530981
0.0547628
0.0558844
0.0506496
0.0470451
0.0401379
0.0355996
0.0331622
0.0342484
0.0403895
0.0443774
0.0506799
0.0522021
0.0549062
0.0575106
0.0535515
0.0546447
0.0515171
0.052818
0.0535537
0.0537885
0.0584781
0.0634384
0.0677185
0.0725841
0.0754686
0.0761321
0.074044
0.0725574
0.0728913
0.0732192
0.0755381
0.0736816
0.0744551
0.0746434
0.0743854
0.0708686
0.0620899
0.0483454
0.0540999
0.0481997
0.0617024
0.0733954
0.0724081
0.0744148
0.072177
0.0679124
0.0655574
0.0651142
0.0655559
0.0672753
0.0671015
0.0729094
0.0752842
0.0728922
0.0705564
0.0682769
0.0621761
0.0605314
0.0563988
0.0571818
0.0575177
0.0555972
0.057093
0.0566452
0.0551736
0.05517
0.0524051
0.0545755
0.0558844
0.0506496
0.0470451
0.0401379
0.0353942
0.0304499
0.0304039
0.0340917
0.0404351
0.0453847
0.0522299
0.0515649
0.0531421
0.0549223
0.0545044
0.0586859
0.0633386
0.069198
0.0867447
0.0978948
0.117521
0.115919
0.113297
0.0884432
0.0703512
0.072941
0.0765826
0.0749779
0.0754645
0.0769584
0.0767687
0.0720561
0.0528311
0.0280602
0
0
0
0
0.0229998
0.0443644
0.0607494
0.0744831
0.0786168
0.0894527
0.106264
0.115431
0.121428
0.112651
0.104338
0.093328
0.0786383
0.0682297
0.0713372
0.0762464
0.0733062
0.0753618
