0.350396
0.289787
0.243473
0.437898
0.195168
0.17333
0.0861314
0.0944152
0.0928189
0.0944685
0.138186
0.159759
0.188117
0.17292
0.152523
0.143304
0.109152
0.0864589
0.0735722
0.0597231
0.0636381
0.0735277
0.107179
0.108162
0.115976
0.108048
0.117614
0.120943
0.116383
0.137314
0.150817
0.173097
0.164016
0.22434
0.205238
0.260685
0.274059
0.250753
0.275042
0.225483
0.238908
0.248416
0.284555
0.256047
0.219851
0.171295
0.123334
0.107317
0.117605
0.145895
0.219049
0.251043
0.377175
0.272884
0.278881
0.226496
0.205282
0.201716
0.177142
0.157888
0.134205
0.112245
0.114998
0.102014
0.117272
0.117019
0.157145
0.195325
0.204335
0.25029
0.229604
0.276018
0.265666
0.206519
0.225046
0.169434
0.15746
0.116174
0.0825442
0.061455
0.0548377
0.0508098
0.0411537
0.0434851
0.0501049
0.0567864
0.0678242
0.0829498
0.0960039
0.108992
0.125899
0.141015
0.192429
0.285327
0.297044
0.294052
0.32971
0.322623
0.358859
0.287179
0.253479
0.169439
0.120349
0.0904498
0.0721532
0.0569233
0.0665326
0.0615257
0.0539261
0.0391463
0.0194264
0.0275887
0.0478387
0.0814278
0.0990348
0.101601
0.0976644
0.0830117
0.0711104
0.0604013
0.0521193
0.0540307
0.0568014
0.0694411
0.0820723
0.0874222
0.101399
0.102797
0.102248
0.0897221
0.0752786
0.0693969
0.0661187
0.0578369
0.0428568
0.0227128
0
0
0
0
0
0
0.0222439
0.0417465
0.0559034
0.0643688
0.0617227
0.0569462
0.0460475
0.0549059
0.0507878
0.0711764
0.0788831
0.0778094
0.072613
0.0627287
0.0633537
0.0657609
0.111506
0.179828
0.224653
0.218874
0.203356
0.163132
0.13784
0.149596
0.117122
0.100561
0.0839601
0.0858718
0.105545
0.110059
0.135633
0.120807
0.108771
0.0821012
0.0482858
0.045539
0.0477694
0.0786496
0.102808
0.109064
0.107371
0.102838
0.0887842
0.0870849
0.0949621
0.0943563
0.134324
0.130034
0.139563
0.211571
0.252087
0.326175
0.314863
0.279721
0.284241
0.233824
0.165526
0.16363
0.0751337
0.109004
0.117157
0.117664
0.102492
0.087742
0.0870077
0.0692445
0.0685249
0.0705743
0.0772328
0.0844418
0.0864035
0.0848066
0.0773799
0.0757696
0.0729395
0.0700384
0.0754763
0.0869443
0.0964848
0.10232
0.0999089
0.0857341
0.0839561
0.0597584
0.044903
0.025526
0.0250044
0.0435185
0.0562408
0.0636083
0.0665529
0.0616119
0.0612708
0.060368
0.0595706
0.0628146
0.0652796
0.0559034
0.0417465
0.0225597
0
0
0.0229998
0.0443644
0.0607494
0.0724729
0.0758852
0.0759863
0.0725841
0.0677185
0.0634384
0.0582414
0.0546354
0.0541459
0.054296
0.0580089
0.0616696
0.0654144
0.066471
0.0654316
0.0620642
0.0590284
0.058451
0.0607267
0.0678887
0.0744473
0.0766383
0.0690446
0.0471805
0.0262293
0.0308693
0.0541999
0.0757702
0.0824613
0.0849096
0.080761
0.0697521
0.0694461
0.0696738
0.0784048
0.0899561
0.0949323
0.095843
0.0833057
0.0507878
0.0549059
0.0460475
0.0569462
0.0621783
0.0649115
0.0582953
0.0470913
0.0572214
0.0765545
0.110855
0.119372
0.130728
0.111449
0.0997785
0.0793417
0.0621331
0.0575177
0.0571818
0.0559117
0.0577722
0.054767
0.0580683
0.055052
0.0528974
0.0540307
0.0517775
0.0554668
0.0553367
0.0598406
0.0586859
0.0545044
0.0549223
0.0531421
0.0515649
0.0523955
0.0468295
0.0462902
0.0452664
0.0554294
0.0707788
0.083792
0.0985985
0.101601
0.0990348
0.0807902
0.0447028
0.022778
0
0
0
0
0
0.0222439
0.0417465
0.0559034
0.0643688
0.0617227
0.0569462
0.0460475
0.0450539
0.0470913
0.0582953
0.0649115
0.0621783
0.05574
0.0435185
0.0250044
0.0262293
0.0471805
0.068607
0.0765899
0.0754549
0.0751803
0.0752919
0.07574
0.0768586
0.0758946
0.0737229
0.0721625
0.0694491
0.0705896
0.0710886
0.0713103
0.0721625
0.0694491
0.0713634
0.0732726
0.0862684
0.0920037
0.0882152
0.0830839
0.0759682
0.0658746
0.0583526
0.0518252
0.0499845
0.0461926
0.0432228
0.0428774
0.0424061
0.0417138
0.0421497
0.0424061
0.0417138
0.0444625
0.049047
0.0514221
0.0572076
0.0679688
0.0735051
0.0881114
0.0984803
0.0951699
0.0852704
0.0669611
0.0540209
0.0522694
0.0554293
0.0651009
0.0765816
0.0917385
0.0972613
0.100963
0.101552
0.096469
0.0849975
0.0669611
0.0538
0.0446338
0.0335471
0.0279013
0.0277384
0.0277384
0.0277384
0.0277384
0.0277384
0.0277384
0.0277384
0.0277384
0.0277384
0.0277384
0.0277384
0.0277384
0.0277384
0.0277578
0.0302621
0.0340917
0.0404351
0.0453847
0.0522299
0.0515649
0.0531421
0.0536942
0.0548489
0.0664251
0.0816213
0.0885056
0.106342
0.106629
0.101863
0.0685115
0.025963
0
0.0241616
0.0452998
0.0684106
0.0766576
0.0746884
0.069902
0.0698038
0.0685718
0.0810027
0.108549
0.13815
0.177042
0.183812
0.201254
0.178761
0.16742
0.137831
0.143196
0.0961559
0.115741
0.120475
0.206646
0.248862
0.250669
0.278004
0.242717
0.224611
0.1995
0.196577
0.180307
0.185961
0.174023
0.154084
0.119244
0.0767328
0.0728587
0.0693969
0.0661187
0.0578369
0.0428568
0.0227128
0
0
0
0.0229998
0.0443644
0.0607494
0.0744831
0.0786168
0.0900116
0.098096
0.0990891
0.104242
0.108013
0.118839
0.129947
0.136695
0.137493
0.109685
0.0712331
0.0765545
0.110855
0.11845
0.133975
0.12278
0.116534
0.102159
0.099083
0.0964871
0.0984803
0.0882931
0.0740659
0.0685892
0.0590737
0.0666097
0.0795595
0.104216
0.119994
0.142044
0.146997
0.155766
0.139329
0.108712
0.0982157
0.131749
0.155935
0.242282
0.256985
0.268455
