0.275488
0.27058
0.24319
0.224482
0.173817
0.115722
0.220043
0.160578
0.207195
0.185978
0.109835
0.237616
0.286726
0.173523
0.172521
0.177863
0.192922
0.180216
0.178698
0.151256
0.127053
0.145143
0.19652
0.1982
0.141468
0.131721
0.112982
0.0924591
0.0607733
0.0278781
0.0208591
0.0389096
0.0595357
0.0713828
0.0719574
0.0724573
0.0705725
0.0664365
0.0832085
0.115115
0.138182
0.189875
0.211167
0.214023
0.235192
0.246514
0.239416
0.299414
0.258548
0.293285
0.25377
0.238695
0.199526
0.206272
0.140899
0.0676825
0.0679018
0.0958446
0.0850895
0.0831975
0.0744539
0.0722174
0.0655172
0.0555653
0.0514857
0.0447072
0.0417138
0.0424061
0.0447072
0.0508339
0.0563076
0.0669372
0.0744473
0.0766383
0.0690446
0.0471805
0.0262293
0.0308693
0.0541999
0.0720561
0.0767687
0.0769584
0.0754645
0.0749779
0.0765826
0.072941
0.0654521
0.0637881
0.0649495
0.0716025
0.0747655
0.0745535
0.0741127
0.0718649
0.073093
0.0617024
0.0481997
0.060183
0.0572405
0.0732337
0.0766491
0.0760785
0.071449
0.0671452
0.0678536
0.0691051
0.0713577
0.0724345
0.073266
0.0734817
0.0710511
0.0677185
0.0634384
0.0572076
0.0514221
0.049047
0.0468926
0.0508339
0.0563076
0.0669372
0.0741408
0.0765644
0.0706838
0.0507878
0.0510892
0.0572405
0.0747781
0.0774084
0.0757844
0.0663337
0.0550818
0.0509871
0.0458156
0.0458111
0.0484061
0.0523539
0.0580089
0.0616696
0.0654144
0.0665299
0.0656123
0.0624711
0.0601297
0.0572252
0.0587049
0.0643143
0.0714924
0.0777682
0.0946252
0.0995354
0.135866
0.154072
0.142341
0.147334
0.143053
0.156941
0.210477
0.260894
0.240179
0.252712
0.242544
0.269604
0.272336
0.246884
0.244115
0.22954
0.151659
0.137751
0.0807322
0.0668957
0.0657545
0.0599329
0.0538563
0.0532659
0.0497044
0.0539581
0.0550879
0.0599138
0.0583762
0.0536944
0.052364
0.0576848
0.0699075
0.0787698
0.0890682
0.0930117
0.0917209
0.0900442
0.0918435
0.0931496
0.102752
0.1252
0.140789
0.153071
0.158591
0.148923
0.127494
0.116202
0.0791121
0.0494137
0.0480026
0.0433453
0.0390617
0.0337431
0.0252007
0.0384133
0.0451929
0.0570814
0.0643688
0.0617227
0.0569462
0.0460475
0.0450539
0.0470913
0.0582953
0.0649115
0.0621783
0.0569462
0.0460475
0.065851
0.0951308
0.116191
0.12307
0.117657
0.116435
0.109392
0.101953
0.088633
0.0752786
0.0693969
0.0661187
0.0591052
0.0465891
0.0450539
0.0481997
0.0617024
0.073093
0.0718649
0.074338
0.0745706
0.0830742
0.0847917
0.0950082
0.0970025
0.0933069
0.0830193
0.0712723
0.0621794
0.0556463
0.047903
0.0433763
0.0428774
0.0424061
0.0417138
0.0421497
0.0424061
0.0417138
0.0421497
0.0424061
0.0417138
0.0421497
0.0424061
0.0417138
0.0466247
0.0527025
0.0540991
0.0593937
0.0600327
0.0540276
0.0525185
0.0523771
0.0580891
0.0633574
0.0787269
0.0843219
0.104155
0.120876
0.126141
0.119793
0.110354
0.100185
0.0881571
0.0817612
0.0729705
0.0636925
0.0543424
0.0478749
0.0421209
0.0365446
0.0328027
0.0321542
0.0342484
0.0403895
0.0443774
0.0508523
0.0522367
0.0543457
0.0564512
0.0528373
0.0545197
0.0516047
0.0542888
0.0530981
0.0545299
0.0564512
0.0528373
0.0543821
0.05588
0.068885
0.072451
0.0844552
0.0868165
0.0830208
0.0757702
0.0541999
0.0308693
0.0262293
0.0471805
0.068966
0.0766576
0.0746884
0.069902
0.0698975
0.0687828
0.124364
0.179093
0.1979
0.217206
0.19261
0.176753
0.131091
0.0537425
0.0313488
0.0758632
0.0862473
0.132822
0.175136
0.18737
0.20265
0.165288
0.158814
0.131708
0.134057
0.160703
0.175252
0.18524
0.175023
0.156263
0.120891
0.05212
0.0262366
0
0
0
0
0
0
0
0
0
0.0251323
0.0701593
0.109223
0.11949
0.125329
0.103306
0.0997677
0.0961452
0.106457
0.12596
0.135851
0.142094
0.121197
0.104415
0.124191
0.138103
0.151183
0.134631
0.120294
0.0944205
0.0701457
0.0571341
0.0605314
0.0621761
0.0682769
0.0705564
0.0728922
0.0752842
0.0729094
0.066471
0.0654316
0.0620642
0.0582414
0.0546354
0.0541459
0.054296
0.0580761
0.0618073
0.0655206
0.0685568
0.0705708
0.0725088
0.0749966
0.0689906
0.0758862
0.0741599
0.0737858
0.0792207
0.0940635
0.0991126
0.104523
0.100382
0.0868838
0.0835333
0.0771113
0.103108
0.105451
0.114455
0.108048
0.117614
0.120943
0.116383
0.137314
0.150817
0.173458
0.164453
0.169641
0.148103
0.223888
0.268521
0.286477
0.248766
0.25614
0.244339
0.21255
0.15809
0.130705
0.0992676
0.0778371
0.0690698
0.0732859
0.152618
0.196835
0.292028
0.271445
0.295568
0.269082
0.303959
0.236351
0.218871
0.163191
0.124199
0.0929608
0.0915288
0.0916207
0.107457
0.117545
0.127962
0.180774
0.200716
0.243692
0.258818
0.315888
0.282272
0.29985
0.261511
0.296768
0.18212
0.161398
0.106907
0.080763
0.0626585
0.0579669
0.053462
0.0537168
0.0546234
0.0579368
0.0631934
0.0871212
0.133297
0.193956
0.27123
0.304644
0.20652
0.296026
0.292857
0.393276
0.378321
0.301802
0.368728
0.352339
0.307616
0.29342
0.243672
0.160733
0.0849252
0.108289
0.120555
0.135821
0.141255
0.162541
0.147643
0.14823
0.133499
0.111427
0.0699253
0.0321309
0.0257951
0.0448124
0.0586016
0.0674256
0.0641015
0.0576039
0.0438156
0.0454999
0.0515363
0.0833057
0.095843
0.0949323
0.0899561
0.0784048
0.0671755
0.0583526
0.0518252
0.052915
0.0533359
0.0548245
0.0639398
0.07236
0.0753139
0.088216
0.092369
0.0966059
0.102957
0.0877161
0.0889854
0.0755042
0.0704532
0.0609338
0.0604042
0.0591442
0.0599163
0.0574407
0.0500676
0.0440718
0.0331476
0.0179473
0.0180796
0.0330012
0.0443452
0.0521437
0.0524807
0.0471694
0.0371246
0.0427413
0.0434753
0.0694955
0.0841765
0.10409
0.09982
0.0805375
0.0773411
